GaussianNB,DummySampler,-1,0.0,0.0,1.0,0.0,0.0,0.0,
GaussianNB,DummySampler,1,0.0112568551361,1.0,0.0,0.0222630978054,0.0,0.0,GaussianNB,DummySampler,-1,1.0,0.0034058104207,1.0,0.00678850049567,1.0,0.0124117544845,
GaussianNB,DummySampler,1,0.0112950111019,1.0,0.0034058104207,0.0223377174374,1.0,0.0101782677193,GaussianNB,DummySampler,-1,1.0,0.0408697250484,1.0,0.0785299525289,1.0,0.0128903625519,
GaussianNB,DummySampler,1,0.0117310220361,1.0,0.0408697250484,0.0231900016517,1.0,0.0105716815202,GaussianNB,SMOTE,-1,0.0,0.0,1.0,0.0,0.0,0.0,
GaussianNB,SMOTE,1,0.0112568551361,1.0,0.0,0.0222630978054,0.0,0.0,GaussianNB,SMOTE,-1,1.0,0.0034058104207,1.0,0.00678850049567,1.0,0.0124117544845,
GaussianNB,SMOTE,1,0.0112950111019,1.0,0.0034058104207,0.0223377174374,1.0,0.0101782677193,GaussianNB,SMOTE,-1,1.0,0.0408697250484,1.0,0.0785299525289,1.0,0.0128903625519,
GaussianNB,SMOTE,1,0.0117310220361,1.0,0.0408697250484,0.0231900016517,1.0,0.0105716815202,GaussianNB,SMOTEENN,-1,0.0,0.0,1.0,0.0,0.0,0.0,
GaussianNB,SMOTEENN,1,0.0112568551361,1.0,0.0,0.0222630978054,0.0,0.0,GaussianNB,SMOTEENN,-1,1.0,0.0034058104207,1.0,0.00678850049567,1.0,0.0124117544845,
GaussianNB,SMOTEENN,1,0.0112950111019,1.0,0.0034058104207,0.0223377174374,1.0,0.0101782677193,GaussianNB,SMOTEENN,-1,1.0,0.0408697250484,1.0,0.0785299525289,1.0,0.0128903625519,
GaussianNB,SMOTEENN,1,0.0117310220361,1.0,0.0408697250484,0.0231900016517,1.0,0.0105716815202,GaussianNB,SMOTETomek,-1,0.0,0.0,1.0,0.0,0.0,0.0,
GaussianNB,SMOTETomek,1,0.0112568551361,1.0,0.0,0.0222630978054,0.0,0.0,GaussianNB,SMOTETomek,-1,1.0,0.0034058104207,1.0,0.00678850049567,1.0,0.0124117544845,
GaussianNB,SMOTETomek,1,0.0112950111019,1.0,0.0034058104207,0.0223377174374,1.0,0.0101782677193,GaussianNB,SMOTETomek,-1,1.0,0.0408697250484,1.0,0.0785299525289,1.0,0.0128903625519,
GaussianNB,SMOTETomek,1,0.0117310220361,1.0,0.0408697250484,0.0231900016517,1.0,0.0105716815202,GaussianNB,RandomOverSampler,-1,0.0,0.0,1.0,0.0,0.0,0.0,
GaussianNB,RandomOverSampler,1,0.0112568551361,1.0,0.0,0.0222630978054,0.0,0.0,GaussianNB,RandomOverSampler,-1,1.0,0.0034058104207,1.0,0.00678850049567,1.0,0.0124117544845,
GaussianNB,RandomOverSampler,1,0.0112950111019,1.0,0.0034058104207,0.0223377174374,1.0,0.0101782677193,GaussianNB,RandomOverSampler,-1,1.0,0.0408697250484,1.0,0.0785299525289,1.0,0.0128903625519,
GaussianNB,RandomOverSampler,1,0.0117310220361,1.0,0.0408697250484,0.0231900016517,1.0,0.0105716815202,DecisionTree,DummySampler,-1,0.988743144864,1.0,0.0,0.994339713922,0.0,0.0,
DecisionTree,DummySampler,1,0.0,0.0,1.0,0.0,0.0,0.0,DecisionTree,DummySampler,-1,0.990260359544,0.898128426083,0.224121557455,0.941946896634,1.0,0.0265347801481,
DecisionTree,DummySampler,1,0.0244357009733,0.224121557455,0.898128426083,0.0440668471665,1.0,0.0218606319149,DecisionTree,DummySampler,-1,0.988507488781,0.916963098314,0.0636277302944,0.951392160822,1.0,0.00938680882175,
DecisionTree,DummySampler,1,0.0086485091003,0.0636277302944,0.916963098314,0.0152272727273,1.0,0.00771142320313,DecisionTree,SMOTE,-1,0.989931438431,0.942901935344,0.157644824311,0.965844528369,1.0,0.0330631954911,
DecisionTree,SMOTE,1,0.030475491096,0.157644824311,0.942901935344,0.0510769230769,1.0,0.027274097984,DecisionTree,SMOTE,-1,0.993521944413,0.862275513845,0.506172839506,0.923257698541,1.0,0.0437067338293,
DecisionTree,SMOTE,1,0.0401627609072,0.506172839506,0.862275513845,0.0744205529182,1.0,0.0360984347899,DecisionTree,SMOTE,-1,0.989103122593,0.846954773,0.180436847104,0.912526356255,1.0,0.0143791463701,
DecisionTree,SMOTE,1,0.0132450331126,0.180436847104,0.846954773,0.0246785296792,1.0,0.0118222608509,DecisionTree,SMOTEENN,-1,0.990585100979,0.948740404368,0.207977207977,0.969211312565,1.0,0.0478769866744,
DecisionTree,SMOTEENN,1,0.0441532258065,0.207977207977,0.948740404368,0.0728421752869,1.0,0.0395980686137,DecisionTree,SMOTEENN,-1,0.993620394283,0.840305333607,0.526115859449,0.91055434165,1.0,0.0393611997531,
DecisionTree,SMOTEENN,1,0.036152440616,0.526115859449,0.840305333607,0.0676558588264,1.0,0.0324824048452,DecisionTree,SMOTEENN,-1,0.991631488382,0.866081371839,0.358024691358,0.924613892929,1.0,0.0321094133763,
DecisionTree,SMOTEENN,1,0.0295385097548,0.358024691358,0.866081371839,0.0545744064852,1.0,0.0264732194091,DecisionTree,SMOTETomek,-1,0.990524025922,0.940307060223,0.20987654321,0.96476252281,1.0,0.0417531215926,
DecisionTree,SMOTETomek,1,0.0384883315918,0.20987654321,0.940307060223,0.0650478292862,1.0,0.0344941127261,DecisionTree,SMOTETomek,-1,0.993581707867,0.856966774427,0.513770180437,0.920231509163,1.0,0.0427613375435,
DecisionTree,SMOTETomek,1,0.0392883079158,0.513770180437,0.856966774427,0.0729946704446,1.0,0.0353109506128,DecisionTree,SMOTETomek,-1,0.989636688505,0.808442085005,0.25641025641,0.889909785532,1.0,0.0163031130422,
DecisionTree,SMOTETomek,1,0.0150108411631,0.25641025641,0.808442085005,0.0283613445378,1.0,0.0134074452383,DecisionTree,RandomOverSampler,-1,0.990583053923,0.96786679641,0.1918328585,0.979093181085,1.0,0.0688864711631,
DecisionTree,RandomOverSampler,1,0.0636420919975,0.1918328585,0.96786679641,0.0955760586705,1.0,0.0571990845348,DecisionTree,RandomOverSampler,-1,0.991385139073,0.919493128913,0.298195631529,0.954086755558,1.0,0.0439299780319,
DecisionTree,RandomOverSampler,1,0.0404639175258,0.298195631529,0.919493128913,0.0712583683195,1.0,0.0363006749756,DecisionTree,RandomOverSampler,-1,0.990392341422,0.932878504471,0.205128205128,0.960775470889,1.0,0.0364869847576,
DecisionTree,RandomOverSampler,1,0.0336239103362,0.205128205128,0.932878504471,0.0577771833623,1.0,0.0301147418137,LogisticRegression,DummySampler,-1,0.988743144864,1.0,0.0,0.994339713922,0.0,0.0,
LogisticRegression,DummySampler,1,0.0,0.0,1.0,0.0,0.0,0.0,LogisticRegression,DummySampler,-1,0.988743024524,1.0,0.0,0.994339653069,0.0,0.0,
LogisticRegression,DummySampler,1,0.0,0.0,1.0,0.0,0.0,0.0,LogisticRegression,DummySampler,-1,0.988743024524,1.0,0.0,0.994339653069,0.0,0.0,
LogisticRegression,DummySampler,1,0.0,0.0,1.0,0.0,0.0,0.0,LogisticRegression,SMOTE,-1,0.988743144864,1.0,0.0,0.994339713922,0.0,0.0,
LogisticRegression,SMOTE,1,0.0,0.0,1.0,0.0,0.0,0.0,LogisticRegression,SMOTE,-1,0.988743024524,1.0,0.0,0.994339653069,0.0,0.0,
LogisticRegression,SMOTE,1,0.0,0.0,1.0,0.0,0.0,0.0,LogisticRegression,SMOTE,-1,0.988743024524,1.0,0.0,0.994339653069,0.0,0.0,
LogisticRegression,SMOTE,1,0.0,0.0,1.0,0.0,0.0,0.0,LogisticRegression,SMOTEENN,-1,0.988743144864,1.0,0.0,0.994339713922,0.0,0.0,
LogisticRegression,SMOTEENN,1,0.0,0.0,1.0,0.0,0.0,0.0,LogisticRegression,SMOTEENN,-1,0.988743024524,1.0,0.0,0.994339653069,0.0,0.0,
LogisticRegression,SMOTEENN,1,0.0,0.0,1.0,0.0,0.0,0.0,LogisticRegression,SMOTEENN,-1,0.988743024524,1.0,0.0,0.994339653069,0.0,0.0,
LogisticRegression,SMOTEENN,1,0.0,0.0,1.0,0.0,0.0,0.0,LogisticRegression,SMOTETomek,-1,0.988743144864,1.0,0.0,0.994339713922,0.0,0.0,
LogisticRegression,SMOTETomek,1,0.0,0.0,1.0,0.0,0.0,0.0,LogisticRegression,SMOTETomek,-1,0.988743024524,1.0,0.0,0.994339653069,0.0,0.0,
LogisticRegression,SMOTETomek,1,0.0,0.0,1.0,0.0,0.0,0.0,LogisticRegression,SMOTETomek,-1,0.988743024524,1.0,0.0,0.994339653069,0.0,0.0,
LogisticRegression,SMOTETomek,1,0.0,0.0,1.0,0.0,0.0,0.0,LogisticRegression,RandomOverSampler,-1,0.988743144864,1.0,0.0,0.994339713922,0.0,0.0,
LogisticRegression,RandomOverSampler,1,0.0,0.0,1.0,0.0,0.0,0.0,LogisticRegression,RandomOverSampler,-1,0.988743024524,1.0,0.0,0.994339653069,0.0,0.0,
LogisticRegression,RandomOverSampler,1,0.0,0.0,1.0,0.0,0.0,0.0,LogisticRegression,RandomOverSampler,-1,0.988743024524,1.0,0.0,0.994339653069,0.0,0.0,
LogisticRegression,RandomOverSampler,1,0.0,0.0,1.0,0.0,0.0,0.0,GradientBoosting,DummySampler,-1,0.988743144864,1.0,0.0,0.994339713922,0.0,0.0,
GradientBoosting,DummySampler,1,0.0,0.0,1.0,0.0,0.0,0.0,GradientBoosting,DummySampler,-1,0.988137521984,0.929461881954,0.019943019943,0.95790200907,1.0,0.00348276593181,
GradientBoosting,DummySampler,1,0.00320855614973,0.019943019943,0.929461881954,0.00552777046591,1.0,0.00285822351408,GradientBoosting,DummySampler,-1,0.990863609441,0.850133529393,0.311490978158,0.915119702983,1.0,0.0251219508675,
GradientBoosting,DummySampler,1,0.0231164986962,0.311490978158,0.850133529393,0.0430389712636,1.0,0.020688643804,GradientBoosting,SMOTE,-1,0.99156248216,0.938977186723,0.298195631529,0.964553658198,1.0,0.0571638286184,
GradientBoosting,SMOTE,1,0.0527022490769,0.298195631529,0.938977186723,0.0895735273142,1.0,0.0473513172018,GradientBoosting,SMOTE,-1,0.99526778337,0.859561677605,0.641025641026,0.922450353026,1.0,0.0538165766656,
GradientBoosting,SMOTE,1,0.049399882904,0.641025641026,0.859561677605,0.0917306516274,1.0,0.0445156472475,GradientBoosting,SMOTE,-1,0.992614586192,0.860275275979,0.43779677113,0.921718883039,1.0,0.0374656871711,
GradientBoosting,SMOTE,1,0.034444112373,0.43779677113,0.860275275979,0.0638636835908,1.0,0.0309137695286,GradientBoosting,SMOTEENN,-1,0.991684610803,0.936122824089,0.310541310541,0.963103037854,1.0,0.0568947206283,
GradientBoosting,SMOTEENN,1,0.0524458700882,0.310541310541,0.936122824089,0.0897365532382,1.0,0.047124803905,GradientBoosting,SMOTEENN,-1,0.995471774912,0.846176302047,0.661918328585,0.914772627654,1.0,0.0509028103933,
GradientBoosting,SMOTEENN,1,0.0467032967033,0.661918328585,0.846176302047,0.0872504224823,1.0,0.0420808169336,GradientBoosting,SMOTEENN,-1,0.992999329586,0.832758490199,0.48433048433,0.905847000641,1.0,0.0347416211045,
GradientBoosting,SMOTEENN,1,0.0319188884716,0.48433048433,0.832758490199,0.0598907873877,1.0,0.0286492486024,GradientBoosting,SMOTETomek,-1,0.991451436886,0.942977619202,0.285849952517,0.966607188376,1.0,0.0585476629831,
GradientBoosting,SMOTETomek,1,0.0539910313901,0.285849952517,0.942977619202,0.0908267954134,1.0,0.0485113083183,GradientBoosting,SMOTETomek,-1,0.995420887313,0.853182540626,0.655270655271,0.918829543205,1.0,0.0526938549558,
GradientBoosting,SMOTETomek,1,0.0483565771953,0.655270655271,0.853182540626,0.0900665709437,1.0,0.0435764390026,GradientBoosting,SMOTETomek,-1,0.992458579806,0.838078041713,0.440645773979,0.908758375295,1.0,0.0326955756338,
GradientBoosting,SMOTETomek,1,0.0300518134715,0.440645773979,0.838078041713,0.0562662947917,1.0,0.0269547846032,GradientBoosting,RandomOverSampler,-1,0.992337915222,0.931192561358,0.368471035138,0.96079339138,1.0,0.0623551945899,
GradientBoosting,RandomOverSampler,1,0.0574644549763,0.368471035138,0.931192561358,0.0994234465086,1.0,0.0516931203112,GradientBoosting,RandomOverSampler,-1,0.994625694671,0.822411313778,0.609686609687,0.900357472598,1.0,0.0409948726796,
GradientBoosting,RandomOverSampler,1,0.0376164528037,0.609686609687,0.822411313778,0.0708609271523,1.0,0.0338337083222,GradientBoosting,RandomOverSampler,-1,0.994238313174,0.7892073652,0.598290598291,0.879937313523,1.0,0.0341193253868,
GradientBoosting,RandomOverSampler,1,0.0313027924078,0.598290598291,0.7892073652,0.0594928939043,1.0,0.0281255456556,KNN,DummySampler,-1,0.988743144864,1.0,0.0,0.994339713922,0.0,0.0,
KNN,DummySampler,1,0.0,0.0,1.0,0.0,0.0,0.0,KNN,DummySampler,-1,0.988814578635,0.8248656597,0.180436847104,0.899429979427,1.0,0.0125844692405,
KNN,DummySampler,1,0.0115938491579,0.180436847104,0.8248656597,0.0217877415286,1.0,0.0103438648992,KNN,DummySampler,-1,0.98878248974,0.976872925429,0.0265906932574,0.982791628595,1.0,0.0140229214471,
KNN,DummySampler,1,0.0129210890632,0.0265906932574,0.976872925429,0.0173913043478,1.0,0.0115293717811,KNN,SMOTE,-1,0.989342886264,0.713644718348,0.324786324786,0.829177292313,1.0,0.0138442187945,
KNN,SMOTE,1,0.0127483505424,0.324786324786,0.713644718348,0.0245337159254,1.0,0.0113807610469,KNN,SMOTE,-1,0.990910049562,0.507995545416,0.59069325736,0.671660567246,1.0,0.0146679664393,
KNN,SMOTE,1,0.0134845101567,0.59069325736,0.507995545416,0.0263671047054,1.0,0.0120559068162,KNN,SMOTE,-1,0.989627686409,0.530236028068,0.511870845204,0.690504350765,1.0,0.0133117368054,
KNN,SMOTE,1,0.0122536203878,0.511870845204,0.530236028068,0.0239342806394,1.0,0.0109413071837,KNN,SMOTEENN,-1,0.989667410413,0.714552924641,0.344729344729,0.829904124469,1.0,0.0147330649321,
KNN,SMOTEENN,1,0.013562995068,0.344729344729,0.714552924641,0.026099148003,1.0,0.0121126434807,KNN,SMOTEENN,-1,0.991211253043,0.497518623836,0.612535612536,0.662505759042,1.0,0.0148947840081,
KNN,SMOTEENN,1,0.0136887455167,0.612535612536,0.497518623836,0.026779041767,1.0,0.0122420931842,KNN,SMOTEENN,-1,0.990124432155,0.542010401237,0.525166191833,0.700535917663,1.0,0.0140064868104,
KNN,SMOTEENN,1,0.0128868381805,0.525166191833,0.542010401237,0.0251563743887,1.0,0.011512659861,KNN,SMOTETomek,-1,0.989401458981,0.715612498649,0.326685660019,0.830524638299,1.0,0.0140199424158,
KNN,SMOTETomek,1,0.0129095207716,0.326685660019,0.715612498649,0.0248375451264,1.0,0.0115254549565,KNN,SMOTETomek,-1,0.990606446141,0.505108715631,0.579297245964,0.669063151186,1.0,0.0143015520301,
KNN,SMOTETomek,1,0.0131516536587,0.579297245964,0.505108715631,0.0257194055023,1.0,0.0117546737535,KNN,SMOTETomek,-1,0.989700142789,0.562056028284,0.486229819563,0.716951466755,1.0,0.0135613202214,
KNN,SMOTETomek,1,0.0124826291538,0.486229819563,0.562056028284,0.0243403850725,1.0,0.0111467994903,KNN,RandomOverSampler,-1,0.989003632397,0.862536490431,0.157644824311,0.921450971106,1.0,0.0139906785214,
KNN,RandomOverSampler,1,0.0128881987578,0.157644824311,0.862536490431,0.0238283212517,1.0,0.0115022722516,KNN,RandomOverSampler,-1,0.988881417424,0.683713738931,0.324786324786,0.808458411107,1.0,0.0125443602109,
KNN,RandomOverSampler,1,0.0115560060821,0.324786324786,0.683713738931,0.0223179326547,1.0,0.0103106791376,KNN,RandomOverSampler,-1,0.990542202046,0.792667236104,0.335232668566,0.880626058546,1.0,0.0196459008416,
KNN,RandomOverSampler,1,0.0180756823186,0.335232668566,0.792667236104,0.0343018171218,1.0,0.0161635514931,